281.0 137.0 87.0 275.0
278.935546875 139.064453125 87.0 275.0
276.87109375 134.24737548828125 87.0 275.0
277.5592346191406 137.68814086914062 87.0 275.0
275.4947814941406 137.0 87.0 275.0
267.9250793457031 144.5697021484375 87.0 275.0
269.9895324707031 143.88156127929688 87.0 275.0
269.3013916015625 144.5697021484375 87.0 275.0
269.9895324707031 141.12893676757812 87.0 275.0
272.0539855957031 141.81707763671875 87.0 275.0
265.860595703125 145.25784301757812 87.0 275.0
266.5487365722656 144.5697021484375 87.0 275.0
265.860595703125 146.6341552734375 87.0 275.0
